271.169865
83.32878500000001
52.726285
29.607059999999997
25.763664999999996
24.61281
24.428535
24.264260000000004
24.219445
24.220955000000004
23.79995
23.808355000000002
23.965135000000004
23.775355
24.114585
24.220585
23.780339999999995
23.75628
23.5421
23.565755
23.881285

4.1440120169773085
1.0050534588984608
1.1150753115000622
0.39812157283418437
0.30275553280052336
0.3603342860670974
0.3592249311527261
0.32548652615147805
0.3993455259538827
0.3720782667189999
0.3699634726129595
0.28508891418504373
0.2732794470517254
0.3485449023476992
0.3930600074161308
0.35721636728421163
0.32605479742408455
0.3787906632726461
0.2908675412520277
0.3448186198064704
0.367661909728273
