114.682625
105.010965
96.28974500000002
88.67557
83.42526
79.344645
76.66860000000001
75.53999
72.18944499999999
74.10599500000001
72.80853
69.77073
70.38150999999999
69.530715
70.17952
68.97516999999999
68.43206
69.66448
68.742155
68.815175
68.52590000000001

1.252430210869803
1.2648212323923094
1.1333558494819351
1.3238397155449606
1.0319119695681007
1.2783445200561572
1.1535522990684035
1.5825596786514673
1.1907627800720442
1.4624364735370212
1.2914189056908727
1.0518076253921662
1.1481085521227323
1.4058942034238566
1.371144070780889
1.1193200769959033
1.3148792441077637
1.2217518307418687
1.161759378617307
1.0725855492585474
1.2341820915067598
