215.14175
90.46695
61.22599
62.183625
44.680815
37.05
34.960355
34.592124999999996
33.872235
33.628305
33.59718
33.163509999999995
33.336375
32.93473
32.97837
33.135835
32.74786
32.457845000000006
32.67719
32.79026999999999
32.322185000000005

17.575595633379606
1.5697891961618795
0.8943574040159541
2.0897781648917713
0.5568135576529588
0.4540612989375773
0.34710493901863043
0.31820722092312737
0.4596879310059302
0.3407788435779768
0.38737793789094793
0.4224208367314245
0.378619126589479
0.39517096560155734
0.4847849736688
0.496169429344502
0.4127112870443124
0.40632186416100136
0.3383727414662783
0.40791161841671925
0.3536413760858658
