19.039625
9.624310000000001
7.936700000000001
7.713954999999999
7.731034999999999
7.65544
7.455445
7.420379999999999
7.4533249999999995
7.369715
7.3485249999999995
7.4437549999999995
7.332230000000001
7.326099999999999
7.251825
7.538054999999999
7.169104999999999
7.199940000000001
7.333584999999999
7.297439999999999
7.22311

0.24512844482046553
0.20001125251176444
0.19302293055282316
0.17172455337701478
0.20807446774960353
0.19407946452658195
0.19028354181721338
0.13663336798110187
0.16898435352925428
0.12560230626959362
0.18153828548716658
0.1801244321432248
0.15933262654204627
0.16718036375292403
0.15667368301058096
0.2031173331040539
0.13088916474058193
0.17561333044220986
0.2430369341652597
0.1800155806286911
0.1506739627325597
